country,year,current_account_gdp,gdp_growth,govt_debt_gdp,inflation,population,trade_gdp
AE,2010,,1.60285004671343,,0.877983288285867,6869838.0,135.485709128426
AE,2011,,6.73646786920814,,0.87734659568512,7104538.0,144.176786868982
AE,2012,,4.6832657020049,,0.662268900269008,7391448.0,156.637694501481
AE,2013,,4.91847806719888,1.80326774795663,1.1011183637571,7693031.0,157.398083989641
AE,2014,,4.63288144983127,,2.34626865671642,8059440.0,159.515615057764
AE,2015,,7.08767348587587,,4.06996608361593,8505237.0,164.286182737903
AE,2016,,5.65793329224303,,1.61748808904197,8935095.0,165.39501917458
AE,2017,,-1.06137661464977,,1.96682557818842,9223225.0,165.476542469815
AE,2018,,1.53716683173516,,3.06863379251996,9346701.0,154.747005019293
AE,2019,,1.27134240761141,,-1.93108114782172,9445785.0,163.822152944853
AE,2020,,-8.69342617885171,,-2.07940317940943,9401038.0,181.29188817064
AE,2021,,4.55278571242283,,0.179935336174431,9575152.0,182.909355066597
AE,2022,,7.51448425801082,,5.29122604376849,10074977.0,185.741660982819
AE,2023,13.1295816769393,4.30118228020602,,1.62670837213248,10483751.0,199.044979237546
AE,2024,14.4792998270076,3.99180705485398,,1.66336510224894,10986400.0,
BD,2010,1.82909794723497,5.57178818533122,,8.12667639169917,152201981.0,37.8028426708321
BD,2011,-0.125842241657654,6.46437912497728,,11.3951651552399,153591076.0,47.4208498356898
BD,2012,1.93195276968292,6.52145877906443,,6.21750422069283,155070101.0,48.1109227490467
BD,2013,1.3723251518825,6.01360565834344,,7.53040640913172,156532141.0,46.2964027228174
BD,2014,0.43715979764451,6.0610593588495,,6.99163889220848,157964929.0,44.5140801968096
BD,2015,1.32188871858147,6.55263987816197,,6.19428022984983,159383179.0,42.0859963070382
BD,2016,0.351171861174517,7.11347821270093,,5.51352572692995,160811932.0,31.3341501346142
BD,2017,-2.03756600416726,6.59024999794057,,5.70207015717238,162186147.0,29.9997306724343
BD,2018,-2.20783912081882,7.31941263014136,,5.54362139486476,163523103.0,32.5146317240884
BD,2019,-0.839485005371134,7.88191515117722,,5.59199639930629,164913055.0,31.5780544912404
BD,2020,0.31894044196432,3.44801755122445,,5.69107474746211,166298024.0,26.271447376215
BD,2021,-3.78969259910934,6.93867912442445,,5.54565430773473,167658854.0,27.7240047036631
BD,2022,-3.81010813041235,7.09982877575158,,7.69695437176898,169384897.0,33.7799672705735
BD,2023,-1.64602823544154,5.77511237007889,,9.8835030377921,171466990.0,30.9829714104596
BD,2024,-0.669466607987832,4.22325911250161,,10.4657482763412,173562364.0,26.7780758040478
BR,2010,-3.92594539867631,7.52822581812151,61.3187804637225,5.03872690108074,193701929.0,22.7721781132208
BR,2011,-3.19461785178244,3.97442307944702,59.3416583034432,6.6364496221309,195284734.0,23.9344051765103
BR,2012,-3.75941536826245,1.92117598509462,59.8494900003683,5.40349914036997,196876111.0,25.1142736103322
BR,2013,-3.57422104702554,3.0048226702888,57.2284093842608,6.204310666401,198478299.0,25.7859573281452
BR,2014,-4.49883030905232,0.503955740273241,58.4572711057739,6.32904015516138,200085127.0,24.685405813292
BR,2015,-3.5183920728161,-3.54576339347278,67.5375540307946,9.02990102416136,201675532.0,26.9536259372369
BR,2016,-1.70011360207642,-3.2759169063211,73.4188038019563,8.73914352329393,203218114.0,24.5336820770756
BR,2017,-1.22429942889483,1.32286905390815,83.6692026491606,3.44637335032669,204703445.0,24.3197343741684
BR,2018,-2.80752036371843,1.78366676137003,86.6078841212333,3.66485028376728,206107261.0,28.876203376153
BR,2019,-3.41429111497121,1.22077782271943,92.5652531951269,3.73297621216893,207455459.0,28.8902578697354
BR,2020,-1.64103535066212,-3.27675879612903,98.7098819471851,3.21176803803376,208660842.0,32.3020785443492
BR,2021,-2.35822088025659,4.7626043797061,85.011503676948,8.30165975585673,209550294.0,37.6563307592575
BR,2022,-2.14967710619443,3.01669435408112,79.1023218880378,9.28010608956872,210306415.0,38.8160659764321
BR,2023,-1.23558182662996,3.24165532813583,83.0317498523499,4.59356282283203,211140729.0,33.6662298301284
BR,2024,-3.02715961462093,3.41931516597739,81.8554431189056,4.36746407652336,211998573.0,35.5845239385389
CL,2010,0.896881680744073,5.85165102224047,,1.4107110795432,17181464.0,69.7176801370338
CL,2011,-4.91713901662884,6.22389678509138,,3.34121694259302,17351816.0,72.4816428077334
CL,2012,-5.32849119001729,6.15534001855494,,3.00744840213047,17519119.0,68.156142891334
CL,2013,-4.77606541666957,3.30850824710085,,1.7895555398459,17687006.0,65.1432879523879
CL,2014,-3.46029991877659,1.79264947139259,,4.71867527854671,17864195.0,65.6346281218887
CL,2015,-2.73506821605392,2.15194249981184,,4.34877353217044,18047625.0,59.3491104775309
CL,2016,-2.62065852365988,1.753038749071,,3.78619355893118,18267221.0,56.0578610877723
CL,2017,-2.75779980852367,1.35769537343957,,2.18271846868519,18558868.0,56.0261589675707
CL,2018,-4.48367554777816,3.99002947789977,,2.43488981353057,18893191.0,58.177050633437
CL,2019,-5.21244978814827,0.634367533828438,,2.55754475703326,19197744.0,57.6117545680829
CL,2020,-1.94941123362021,-6.14347479224092,,3.04549084804326,19370624.0,58.1828635629748
CL,2021,-7.28208296226132,11.3149204879049,,4.52456838259143,19456334.0,64.8774063237834
CL,2022,-8.84931514465226,2.15399356192458,,11.6438667110559,19553036.0,75.2016177425303
CL,2023,-3.12862449043213,0.521367977246825,,7.58168251407962,19658835.0,60.7247236874408
CL,2024,-1.46933081175439,2.64431154871538,,4.29763891572524,19764771.0,63.859857248066
CN,2010,3.84025673415249,10.5962719761682,,3.17532475269199,1337705000.0,49.8540722338977
CN,2011,1.77399724587567,9.4613358870736,,5.55389892257493,1345035000.0,49.9458272253643
CN,2012,2.48328422404793,7.85617427055587,,2.6195243264554,1354190000.0,47.4802130784317
CN,2013,1.52111320885029,7.77872409446717,,2.62105001748114,1363240000.0,45.9160413795571
CN,2014,2.21130586371267,7.46190028229434,,1.9216416278852,1371860000.0,44.0684564812532
CN,2015,2.59752794949746,6.97878002657477,,1.43702380935654,1379860000.0,38.6971848362625
CN,2016,1.67018709565351,6.77555562837017,,2.00000182191943,1387790000.0,36.177170692978
CN,2017,1.50488723669315,6.8912663621211,,1.59313600071435,1396215000.0,36.95085261586
CN,2018,0.170563391928727,6.75671800166833,,2.07479039965576,1402760000.0,36.8943843914718
CN,2019,0.706790487310518,6.06850235053705,,2.89923416358226,1407745000.0,35.1994202738836
CN,2020,1.65930095801393,2.34018843078414,,2.41942189457782,1411100000.0,34.0389507864581
CN,2021,1.93875176197337,8.57008513166322,,0.981015135544881,1412360000.0,36.5206911762676
CN,2022,2.42059259149418,3.1341888719577,,1.9735755573905,1412175000.0,37.440719876366
CN,2023,1.4415829879426,5.41484330099675,,0.23483682889305,1410710000.0,36.1051923691138
CN,2024,2.2616499482671,4.9773565917572,,0.218128938439177,1408975000.0,37.1984201388065
CO,2010,-2.99583091222973,4.49465897070922,72.4526699261111,2.27200227892008,44777319.0,34.2646031687681
CO,2011,-2.90611447190462,6.94789198173555,62.8601328222053,3.4150334477625,45259614.0,39.4704235545367
CO,2012,-3.14008013112592,3.91263576716115,65.227695883164,3.16930188840055,45715810.0,38.835151018669
CO,2013,-3.23615067105019,5.13399351995672,67.1029119456429,2.01699224310383,46151584.0,37.9866487978457
CO,2014,-5.19843119341789,4.49903000110972,47.9761695160459,2.89883787761737,46565429.0,37.4874656411103
CO,2015,-6.37230442230879,2.95590137527523,53.2785874737167,4.98983115849529,46969940.0,38.3607641184453
CO,2016,-4.45195067751588,2.08738250162794,66.9071609125065,7.51346024627674,47437512.0,36.202652984202
CO,2017,-3.18224191114871,1.35936086788746,66.7272478472146,4.3143132569501,48131078.0,35.2829149424588
CO,2018,-4.20138344687969,2.56432428277704,71.6505702481056,3.24056932930569,49024465.0,36.5347527968973
CO,2019,-4.58427517266059,3.18685539245533,72.7038785770822,3.52301932741446,49907985.0,37.558533980839
CO,2020,-3.42772945914236,-7.18591413760859,91.1566069449736,2.52663500084706,50629997.0,34.0555709680101
CO,2021,-5.6351694946032,10.8011981904878,80.4259616037106,3.49505757399448,51188173.0,40.0591463936128
CO,2022,-6.04054199360168,7.32827729427979,70.2611599864283,10.1772313546166,51737944.0,48.2826551123359
CO,2023,-2.2713986641114,0.712380031974334,71.3312731896082,11.7359044948689,52321152.0,40.3881324933957
CO,2024,-1.67431987455953,1.5983315366523,71.4831261616001,6.60908593728228,52886363.0,37.0254687077888
DE,2010,5.77277636027696,4.13463778522758,,1.1038103778926,81776930.0,73.8852351200263
DE,2011,6.26091712383114,3.75796884489337,,2.07517283735874,80274983.0,78.433002901442
DE,2012,7.19554460437767,0.463512036709204,,2.00848884782956,80425823.0,79.3316495670315
DE,2013,6.72910853583547,0.396995583779145,,1.50472330251876,80645605.0,77.5860288576931
DE,2014,7.19417703303447,2.18018602168017,,0.906794000434245,80982500.0,76.8483516336234
DE,2015,8.09671429040111,1.66300602334775,,0.514426137125456,81686611.0,77.7565815686922
DE,2016,8.9023603683727,2.22222216259371,,0.491747008445174,82348669.0,76.0059902166055
DE,2017,8.07873526112888,2.797906720551,,1.50949485109628,82657002.0,77.4548394742448
DE,2018,8.43761219902204,1.13569604599849,,1.73216879766941,82905782.0,79.1252260463654
DE,2019,7.87471222403171,0.977734697038784,,1.44565976888253,83092962.0,79.0732427175683
DE,2020,6.34782686016016,-4.13191443239947,,0.144877925813981,83160871.0,72.9335327120137
DE,2021,6.9200696637534,3.90999994204108,,3.06666666666673,83196078.0,79.9195348609851
DE,2022,3.85045627175846,1.8092581243061,,6.87257438551096,83177813.0,88.7857542130501
DE,2023,5.51222510245724,-0.869647578573321,,5.94643667725823,83287273.0,81.9625483787634
DE,2024,5.81156126321154,-0.495851897260366,,2.2564981433876,83516593.0,79.0907305894936
EG,2010,-2.05668307641306,5.1472348575531,,11.2651882653185,89196072.0,47.9363500745898
EG,2011,-2.32378812632193,1.7645719489982,,10.0649259874818,91093059.0,45.2556341623514
EG,2012,-2.49788021735236,2.22619979863525,,7.11172943343082,93161001.0,40.7117692721084
EG,2013,-1.22513249838744,2.18546605362143,,9.4697198106492,95333553.0,40.373038056332
EG,2014,-1.94849131455399,2.91591187985748,,10.0702154687481,97528654.0,36.9201877934272
EG,2015,-5.23529137853431,4.37201907790141,,10.370490343517,99597342.0,34.8459429600229
EG,2016,-6.16465951871263,4.34664345555447,,13.8136062148289,101644589.0,30.2465490514505
EG,2017,-3.19681566782461,4.18122099994778,,29.5066083940038,103696057.0,42.8321343581608
EG,2018,-2.93164483711978,5.3311086189448,,14.4014657807421,105682094.0,45.9110196733959
EG,2019,-3.20758543154937,5.55209307156956,,9.15279959324803,107553158.0,41.1240171551108
EG,2020,-3.70903990583373,3.55016483786838,,5.04493288977538,109315124.0,32.1262555667523
EG,2021,-4.38240299812,3.29064601202211,,5.21404940513042,110957008.0,29.8569734808122
EG,2022,-2.2100904275198,6.58784560886967,,13.8956609775177,112618250.0,36.9831048772713
EG,2023,-3.17338760075615,3.76028052279247,,33.8847763115546,114535772.0,40.4504007720031
EG,2024,-5.68596233493642,2.3991692678251,,28.2705899322082,116538258.0,39.6007520873733
FR,2010,-0.832545468638348,2.00032476039051,,1.53112270420918,65026211.0,56.587555247796
FR,2011,-1.02802797917579,2.43757653729007,,2.11159795175,65340830.0,60.6056354816406
FR,2012,-1.22530807843013,0.183835264973013,,1.95419531613509,65657659.0,61.6589570771102
FR,2013,-0.597990456908108,0.781756446231,,0.863715497861804,65997932.0,61.8192338733962
FR,2014,-0.962733699381149,0.997832947295251,,0.507758822937989,66312067.0,62.1992669379507
FR,2015,-0.334528437032909,1.06675474783462,,0.0375143805125181,66548272.0,63.5046871956484
FR,2016,-0.538632351885891,0.860031075424033,,0.183334861123764,66724104.0,63.3427564383351
FR,2017,-0.474615185215668,2.08361485997399,,1.03228275064681,66918020.0,65.3958481559711
FR,2018,-0.735670615255372,1.64590872395887,,1.85081508315492,67158348.0,66.8022607812266
FR,2019,0.587362764575747,2.02744646419237,,1.10825492288293,67382061.0,66.4289771741449
FR,2020,-2.00313613657686,-7.44064589948231,,0.476498852725065,67601110.0,58.8388907240647
FR,2021,0.244238511780543,6.88233783360239,,1.64233141038393,67842811.0,63.788482630872
FR,2022,-1.43234855251881,2.71676264185913,,5.22236748369725,68184457.0,75.9630077981996
FR,2023,-1.04301703799496,1.43921494437743,,4.8783572650844,68372286.0,70.6261450610225
FR,2024,0.0851279883251641,1.19046798275883,,1.99904942291462,68551653.0,68.1081875443744
GB,2010,-2.75934253189813,2.26054460931586,130.497283454602,2.49265472467065,62766365.0,59.0511802227821
GB,2011,-1.6237867474026,0.851437739020326,143.125971214621,3.8561124468282,63258810.0,63.3240615708901
GB,2012,-3.13257837481106,1.52826034721852,146.371335905972,2.5732347965453,63711000.0,61.9688704472535
GB,2013,-4.63114682704937,1.71846961308464,141.033172505075,2.29166666666659,64139000.0,61.7195395154583
GB,2014,-4.97786981840051,3.16017351468152,149.584281299965,1.45112016293279,64620000.0,58.8210228333296
GB,2015,-4.91700489264854,2.14040560033371,147.063146778865,0.36804684232536,65088000.0,57.125044605439
GB,2016,-5.46283821927875,2.20652020635357,155.581504971929,1.0084173681141,65607000.0,59.8395315138259
GB,2017,-3.47326460218152,3.02322219840339,160.141177233502,2.55775577557747,65966000.0,63.1899245764158
GB,2018,-3.88728858372976,1.55133095078786,156.766820519267,2.29283990345938,66289000.0,64.9097721959201
GB,2019,-2.66245642145608,1.25629899760824,158.972569875821,1.73810460086513,66631000.0,65.0035664177054
GB,2020,-2.92883387550298,-10.047896637362,194.682828796265,0.989486703772491,66744000.0,59.1598893030611
GB,2021,-0.752836357784011,8.5431118453255,183.804848939919,2.51837109614213,66984000.0,58.53838629291
GB,2022,-2.06737101121871,5.14970388522993,138.215904304967,7.92204883147902,67604000.0,69.1989264413981
GB,2023,-3.57676183842871,0.271650048355255,136.142431919028,6.79396706793963,68492000.0,64.9923841747803
GB,2024,-2.98180220382834,1.1264226705118,131.073062954793,3.2715729463592,69226000.0,62.8401605267118
GH,2010,-8.5327330566748,7.89971194051621,,10.7333898354915,25474995.0,75.3778157916824
GH,2011,-9.00258173366362,14.0471235803149,,8.7284593709302,26095088.0,86.2954538549695
GH,2012,-11.9009237632838,9.2927894063005,,11.1863409441067,26734268.0,93.1680351286831
GH,2013,-9.07624953901069,7.31252501678145,,11.6661923071729,27386193.0,60.7593219028775
GH,2014,-6.75690272053076,2.85624016330883,,15.4896160333318,28041592.0,63.8365624430783
GH,2015,-5.7116156025854,2.12075933817334,,17.1499695007878,28696068.0,76.5212709243242
GH,2016,-5.04424020618629,3.37346574966936,,17.4546347070868,29356742.0,67.8769994445865
GH,2017,-3.31643027470141,8.12889488100956,,12.3719215507048,30008354.0,70.5483652904116
GH,2018,-3.03986602950099,6.20007768127284,,7.80876516610703,30637585.0,67.9585174644902
GH,2019,-2.72699375813964,6.5077747939152,,7.14364003330857,31258945.0,76.824802732152
GH,2020,-3.04816313374944,0.513941670628171,,9.88728956269944,31887809.0,66.5754987162431
GH,2021,-2.8205574143058,5.07646643533542,,9.9710886750444,32518665.0,62.7078309128346
GH,2022,-2.33126484639335,3.80484980952164,,31.2558951049016,33149152.0,70.1154557958907
GH,2023,-0.911884130673809,3.14009099763754,,38.1069656296501,33787914.0,64.3878615281647
GH,2024,2.04180009736218,5.59045469593266,,22.8483281157842,34427414.0,69.7884227390592
ID,2010,0.681277286848336,6.22385418062366,,5.13420639015885,246305322.0,46.7012738758737
ID,2011,0.188703954012604,6.16978420771008,,5.35604849112582,249470032.0,50.1800131841104
ID,2012,-2.66027359471414,6.03005065305615,,4.2795142691943,252698525.0,49.5828982992627
ID,2013,-3.18996482895809,5.5572636889101,,6.41249457900391,255852467.0,48.6373726752893
ID,2014,-3.08816907525921,5.006668425755,,6.39492882396559,258877399.0,48.0801755855227
ID,2015,-2.03504192745968,4.87632230022123,,6.36312061196646,261799249.0,41.9376402415294
ID,2016,-1.81915089251384,5.03306918280177,,3.52580452815451,264627418.0,37.4213418023318
ID,2017,-1.59465689989364,5.06978590134916,,3.80879857691949,267346658.0,39.3554970704606
ID,2018,-2.93907291477017,5.17429153955024,,3.19834755924996,269951846.0,43.0743089552002
ID,2019,-2.7056619813955,5.01928768046282,,3.03058460941661,272489381.0,37.6277775357108
ID,2020,-0.418606247736126,-2.06551182934165,,1.91983527270793,274814866.0,32.9721754002427
ID,2021,0.295885914526078,3.70288562827751,,1.56007882983334,276758053.0,40.2047582749671
ID,2022,1.00182875104005,5.30719722664799,,4.20946463714784,278830529.0,45.4646701959453
ID,2023,-0.148899338519633,5.04902331835997,,3.66938654859761,281190067.0,41.3362868707652
ID,2024,-0.614730822956647,5.03034469419038,,2.18151273615189,283487931.0,42.572647301834
IN,2010,-3.25348368945179,8.49758470221235,51.5919103003897,11.9893899204244,1243481564.0,49.2552064974161
IN,2011,-3.42928468606061,5.24131619937695,51.5565536600977,8.91179336483371,1261224954.0,55.6238800135298
IN,2012,-5.00488971805303,5.45638755166587,50.6780305618952,9.47899691419801,1278674502.0,55.7937217287511
IN,2013,-2.64566711733892,6.38610640094825,50.3118273627008,10.0178784746102,1295829511.0,53.8441319466777
IN,2014,-1.33950896483452,7.41022760508854,49.9009248748319,6.66565671867899,1312277191.0,48.9221857470669
IN,2015,-1.06754907167964,7.99625378571471,49.9647183856551,4.90697344127256,1328024498.0,41.9229138658647
IN,2016,-0.527880606037518,8.25630550179086,47.6337555915272,4.94821634062141,1343944296.0,40.082485713276
IN,2017,-1.43948820320988,6.79538341897911,47.5836093800197,3.32817337461298,1359657400.0,40.7424969545225
IN,2018,-2.42697545810527,6.45385134497769,46.5224986659322,3.9388264669163,1374659064.0,43.6169693323889
IN,2019,-1.04961203910072,3.87143694070356,,3.72950573539129,1389030312.0,39.9054035306442
IN,2020,1.22362111042791,-5.77772470686801,,6.62343677628535,1402617695.0,37.7581053292768
IN,2021,-1.05524166809383,9.68959249192875,,5.13140747176369,1414203896.0,45.4230887840446
IN,2022,-2.36247481487452,7.60936497768895,,6.69903414079852,1425423212.0,50.0752701498882
IN,2023,-0.878262847208682,9.19075493028345,,5.64914318907925,1438069596.0,44.9928422877561
IN,2024,-0.818831370412112,6.49476552383821,,4.95303550973656,1450935791.0,44.6492935069676
JP,2010,3.83547896264375,4.09791791943181,,-0.728243207517779,128070000.0,28.4984726938389
JP,2011,2.07915328846556,0.0238095237995424,,-0.27245561610124,127833000.0,30.1949607286296
JP,2012,0.958442611412039,1.37475099905274,,-0.0440645104432602,127629000.0,30.4709109171752
JP,2013,0.889785415808861,2.00510017681211,,0.335037912184741,127445000.0,33.9787686509511
JP,2014,0.742322049627636,0.296205514141889,,2.75922671353253,127276000.0,37.4314345686579
JP,2015,3.07027965906978,1.56062669680782,,0.795279630579839,127141000.0,35.4274083544798
JP,2016,3.93809128404803,0.753826745789127,,-0.127258844489754,127076000.0,31.3102468455884
JP,2017,4.12036966283799,1.67533175173359,,0.484199796126385,126972000.0,34.4232135721686
JP,2018,3.51661817468288,0.643391023533141,,0.989094598021848,126811000.0,36.609931802107
JP,2019,3.45076611445327,-0.402169200894946,,0.46877615938395,126633000.0,35.2164181084145
JP,2020,2.96847858242383,-4.16876457146743,,-0.024995834027731,126261000.0,31.335208636773
JP,2021,3.89996604353178,2.69657404187188,,-0.233352779398264,125681593.0,36.7384462280698
JP,2022,2.11637961936876,0.941998775483285,,2.49770278172255,125124989.0,46.8129868368938
JP,2023,3.72552370226115,1.47503481053384,,3.26813365933163,124516650.0,45.1508795641248
JP,2024,4.71136516065292,0.104309021773304,,2.73853681635241,123975371.0,46.4069516150859
KE,2010,-5.21669389712651,8.05847360290906,,3.96138889115385,41598567.0,50.3942873502834
KE,2011,-8.14880935200662,5.1211061197056,,14.0224913014704,42758461.0,58.4022059745625
KE,2012,-7.47587166159348,4.56867961444982,,9.37777003547598,43888303.0,51.6236920232481
KE,2013,-7.85152228564967,3.7978483925754,,5.71749357037733,44986791.0,47.4646425127304
KE,2014,-9.34004850596924,5.02011100232484,,6.87815499275949,46051440.0,46.170489362216
KE,2015,-6.30459656347733,4.96772112759767,,6.58215429284779,47088526.0,40.3273846919019
KE,2016,-5.3970086381703,4.21351706814744,,6.29724953814625,48139687.0,34.8650195731824
KE,2017,-6.99683322084958,3.83795817364721,,8.00564967709945,49197766.0,35.9950578754074
KE,2018,-5.41106679141752,5.64794640709219,,4.6898064677633,50207107.0,34.4147531767425
KE,2019,-5.23852935907811,5.11415885767801,,5.23963795764792,51202827.0,31.759461841481
KE,2020,-3.26911007065289,-0.272766327438816,,5.40516207933392,52217334.0,30.3991387830411
KE,2021,-4.5990081153926,7.59048947333467,,6.10793603659176,53219166.0,35.0020477795269
KE,2022,-4.19995258299621,4.85998104287999,,7.65986268272224,54252461.0,40.2753238373561
KE,2023,-2.54552534327701,5.71999241214208,,7.67139634029402,55339003.0,41.1110904167396
KE,2024,-1.28786467215559,4.72473994710138,,4.48978854243448,56432944.0,40.1860139968756
KR,2010,2.34320897623578,6.98166138853071,,2.93928652655686,49554112.0,88.0278677123124
KR,2011,1.27290610804572,3.6880320602952,,4.0259650043609,49936638.0,101.68061646213
KR,2012,3.65378622367594,2.54766550568242,31.0184112293818,2.18707104433314,50199853.0,101.51727207905
KR,2013,5.38513504027402,3.2913959543442,33.3707589515616,1.30134754547413,50428893.0,94.1675235855873
KR,2014,5.33522703805369,3.21468019683108,34.8171173128439,1.27477446401322,50746659.0,86.9342577972039
KR,2015,6.82937629347486,2.92029267301234,35.7105611200011,0.70633177245575,51014947.0,75.3881774564907
KR,2016,6.20103649558332,3.17152748983935,36.1498684786294,0.971685739912168,51217803.0,69.8997221316919
KR,2017,4.39896168114518,3.433191763972,35.4459831845843,1.94433230786366,51361911.0,73.1921408264016
KR,2018,4.24648147146115,3.17611568177327,35.5200546750178,1.47583935002645,51585058.0,74.7075162140824
KR,2019,3.40802631398853,2.31380210595475,37.6954834097738,0.383000303608136,51764822.0,71.4470632403511
KR,2020,4.38648608581777,-0.700242317542106,43.775799174588,0.537288023411737,51836239.0,65.544957860621
KR,2021,4.31851487245382,4.61296795454287,45.8328934501884,2.49833333333339,51769539.0,75.3063047610912
KR,2022,1.29147917850335,2.72756456708991,47.6110651856141,5.08951365062842,51672569.0,90.5851475278549
KR,2023,1.76334472698699,1.58301467403629,48.5543799702909,3.5974562502901,51712619.0,82.2580090716629
KR,2024,5.33081628105267,2.00361101838986,,2.32174328643542,51751065.0,84.6424951192038
MA,2010,-3.89149487244855,3.49955709403216,47.0982656739638,0.993557401226392,32467016.0,69.541979610144
MA,2011,-7.26703537698177,5.52464523319847,51.2263215704569,0.9069249096918,32912588.0,76.8258714906247
MA,2012,-8.95034696939186,3.06234368502997,,1.28712240079219,33355241.0,78.2221018956072
MA,2013,-6.77731894447503,4.12221286860944,,1.88065466724086,33787571.0,73.8577565315318
MA,2014,-5.53783287947428,2.7192440802029,,0.442310053557048,34204780.0,71.8935667539398
MA,2015,-1.95690775142638,4.34458297635238,,1.5579071134626,34607588.0,67.2886759253849
MA,2016,-3.74613174513,0.52118550608968,,1.63531114327064,35023457.0,71.1226603816864
MA,2017,-3.10210665362038,5.05789816173446,,0.754663249323619,35446392.0,74.1733578786573
MA,2018,-4.87290163435469,3.06564133025955,,1.80391671141896,35839760.0,77.2548875243989
MA,2019,-3.4182057355437,2.89097476137077,,0.303386036590383,36210898.0,75.9981158798422
MA,2020,-1.12759931996509,-7.17820744246774,,0.705968661338261,36584208.0,68.8438033904364
MA,2021,-2.35786783699057,8.15473889823681,,1.40195883962006,36954442.0,75.5234171756506
MA,2022,-3.6574911910038,1.81269242194809,,6.65704202759067,37329064.0,100.906310201651
MA,2023,-1.04767760599469,3.65564411017931,,6.09114152504141,37712505.0,93.1178844179777
MA,2024,-1.16354070328466,3.79336515978963,,0.985256592004507,38081173.0,92.1872446062404
MX,2010,-0.339592498650934,4.9713345832195,,4.15672722680174,113623895.0,59.2733845293851
MX,2011,-0.857892612318958,3.44404505794418,,3.40737824605742,115243504.0,62.1623872764498
MX,2012,-1.40984864750596,3.55321075993527,,4.11150981070289,116818208.0,64.2579318900113
MX,2013,-2.39396960197863,0.852101559410627,,3.80639069747204,118343573.0,62.6916747735807
MX,2014,-1.82131927662925,2.50376350288664,,4.01861608078679,119784261.0,64.0984090351215
MX,2015,-2.59917628210589,2.70232342550646,,2.72064064964023,121072306.0,70.412974676264
MX,2016,-2.27311198277187,1.77249323845399,,2.8217078474766,122251351.0,75.6903034088551
MX,2017,-1.79746290774801,1.87172853327193,,6.04145724018986,123400057.0,76.9521260407254
MX,2018,-2.06414074457574,1.97208209405635,,4.89935015356551,124573711.0,80.2126616568975
MX,2019,-0.296844402044544,-0.392690505066824,41.3273940627237,3.63596142127046,125762982.0,77.4619722571128
MX,2020,2.39710320533218,-8.35403458167995,45.8373464150183,3.39683415570006,126799054.0,76.8545557056016
MX,2021,-0.340708629776388,6.0484834621255,44.8609558065004,5.68920847683753,127648148.0,83.0692976357895
MX,2022,-1.27426718186171,3.70975709163623,43.9694401566719,7.8962761916855,128613117.0,88.7984855867186
MX,2023,-0.697558185892173,3.35354140652768,45.055380246523,5.52796087314389,129739759.0,73.5788616365245
MX,2024,-0.899378006983485,1.42742769080466,49.5702123720928,4.72225588452932,130861007.0,74.5889079825143
NG,2010,3.57264829109624,8.00565591628701,,13.7400521363694,166642886.0,
NG,2011,2.57400123356654,5.30792420289453,,10.8261371880017,171379598.0,
NG,2012,3.7446896447893,4.23006117493223,,12.2242413020584,176200625.0,
NG,2013,3.66244030371784,6.67133539306167,,8.49551838265669,181049443.0,
NG,2014,0.157882534299197,6.30971865525431,,8.04741087967907,185896915.0,
NG,2015,-3.13140101186134,2.65269329543001,,9.00943498007706,190671878.0,
NG,2016,1.25472098152786,-1.61686894906509,,15.6968126387972,195443700.0,
NG,2017,3.60982550121523,0.805886619102438,,16.5022662139641,200254579.0,
NG,2018,1.72693303668361,1.92275734200614,,12.0951065173432,204938755.0,
NG,2019,-2.04801100743442,2.20842927714892,,11.3964223378116,209485641.0,
NG,2020,-2.67061135743196,-6.36889840510109,,13.2460234276597,213996181.0,
NG,2021,-0.534215770594035,1.10925253938163,,16.9528457221608,218529286.0,
NG,2022,0.157446238586316,4.31882949523192,,18.8471877843274,223150896.0,
NG,2023,1.31788745937756,3.32684556421316,,24.659550203114,227882945.0,
NG,2024,6.82436415121879,4.06236408888319,,33.2420966545406,232679478.0,
OM,2010,7.59476361744697,2.47199856582773,,3.25657959078624,2757446.0,96.3865546218487
OM,2011,11.4435714770698,2.89460973541192,,4.0421886711639,3076763.0,101.641731939942
OM,2012,8.99068507231773,8.86312225557018,,2.94773495257209,3547106.0,102.0747604043
OM,2013,5.87992091672238,5.22770408145942,,1.05354820265932,3833913.0,112.543521763774
OM,2014,4.62995815380295,1.29225229411081,,1.01401483924156,4002439.0,102.27872108813
OM,2015,-13.7812835379107,5.01705799719045,,0.0652901330286599,4184895.0,96.3775801852347
OM,2016,-16.6107645205386,5.04642394571691,,1.10920805807027,4390877.0,82.8642642018901
OM,2017,-13.6143943671897,0.304057565922449,,1.58909413567799,4537396.0,88.9531480182956
OM,2018,-4.85027419563219,1.28710391543288,,0.889312370970404,4597877.0,89.2792178262847
OM,2019,-4.91818869978251,-1.12863801728058,,0.490815362820671,4591241.0,86.4782010313236
OM,2020,-16.5486765828435,-3.37972052697999,,-0.40640291946585,4522497.0,91.8758908014472
OM,2021,-5.53764911438897,2.5821749892893,,1.68221185876085,4500424.0,95.9494877293305
OM,2022,3.65021452080102,7.98570728354278,,2.5061425061425,4730226.0,105.745009280655
OM,2023,2.2921129881964,1.41401395818599,,0.950782997762827,5049269.0,106.446730998207
OM,2024,2.86434019549987,1.63163221127449,,0.593589236248469,5281538.0,114.852671522017
PE,2010,-2.41611244249563,8.33245910749577,23.6817913396941,1.52832059732901,29086019.0,51.6728089370033
PE,2011,-1.96422212136988,6.32719240161117,20.7202165724133,3.36931095333853,29304086.0,55.9882802838607
PE,2012,-2.87262299972341,6.13972470560435,19.2166594587652,3.61121294940163,29550366.0,52.6198952632294
PE,2013,-4.85170158694027,5.85251821084928,18.3944203835345,2.76789666082002,29817919.0,49.7871424471444
PE,2014,-4.36595061444558,2.38215737180541,19.56538960172,3.41194579807465,30115826.0,46.8531210912899
PE,2015,-4.70878071644278,3.25224477218451,22.865554469277,3.39809194746308,30457600.0,45.1627686891148
PE,2016,-2.29429403266562,3.95331871520767,23.7062564342415,3.55717663556279,30866494.0,45.3888411964154
PE,2017,-0.953080061958555,2.51883544233135,24.7483395120072,2.99490045809443,31324637.0,47.5135503619971
PE,2018,-1.27850714659718,3.969351341365,25.7290009576063,1.50915423024742,31897584.0,48.631470171736
PE,2019,-0.726098966731838,2.24063176875049,26.5266050304096,2.25212191358027,32449303.0,46.9435053754409
PE,2020,0.781293621318144,-10.9333065010382,34.7649150438361,2.00241205759292,32838579.0,44.245967197744
PE,2021,-2.24912985995392,13.3626240903125,35.2492265648321,4.27166381536798,33155882.0,55.427249365522
PE,2022,-4.05265015695666,2.8090335533015,,8.33370630096231,33475438.0,57.2969759649721
PE,2023,0.329785902609557,-0.403242151494268,,6.45561348369586,33845617.0,50.7851842068664
PE,2024,2.2093667985816,3.30394098171516,,2.00770739412712,34217848.0,51.4758878672647
PH,2010,3.44540917722718,7.33449996034538,50.1962414764938,3.78983634797591,96337125.0,66.1042785137797
PH,2011,2.4091906991357,3.85823282795663,48.8058481254572,4.7184170471842,98248614.0,60.7958366999075
PH,2012,2.65327822085759,6.89695171050985,49.1574552067049,3.02696391124796,100175512.0,57.8420055133082
PH,2013,4.00964958369033,6.75053130142255,47.1441818576352,2.58268766141795,102076336.0,55.8247812320298
PH,2014,3.61563913358328,6.34798748260867,43.426338941462,3.59782343864211,103767130.0,57.4681720875945
PH,2015,2.37094985955594,6.34830971672761,,0.674192536845408,105312992.0,59.1415921053094
PH,2016,-0.376262661565375,7.14945675000752,,1.25369880080982,106735719.0,61.7760657653871
PH,2017,-0.652387929422696,6.9309883258402,,2.85318772590947,108119693.0,68.1683697426727
PH,2018,-2.55939306312468,6.34148557153473,,5.30934661627707,109465287.0,72.1633982990273
PH,2019,-0.808557862529766,6.11852566221303,,2.39206534422404,110804683.0,68.8418422595678
PH,2020,3.20065009232564,-9.51829474045297,,2.3931623931624,112081264.0,58.1695603022281
PH,2021,-1.50797765976295,5.71473313185116,,3.92718022100332,113100950.0,63.4846098136712
PH,2022,-4.51605763317132,7.58098212785563,,5.82115811213955,113964338.0,72.4296836107599
PH,2023,-2.83412113848662,5.51894967862863,,5.97802515541409,114891199.0,67.4199693173966
PH,2024,-4.02174631560296,5.69201612823412,,3.21260487006347,115843670.0,65.8854725286968
PK,2010,-0.688324235118166,1.50171752152883,,12.9388705634889,199239047.0,31.9890020462315
PK,2011,-0.957124213324854,2.68011685421705,,11.9160927116277,203746065.0,32.3626382751438
PK,2012,-0.936399348037174,3.02758391088629,,9.68235186055684,207667125.0,31.3189732760076
PK,2013,-1.70727876868057,4.36686504978387,,7.69215611899565,211073978.0,30.8902743401844
PK,2014,-1.34787339235798,4.11642817161422,,7.18938402847028,214264647.0,29.4698256903998
PK,2015,-0.934446742353906,4.21794209572506,,2.52932817254229,217290883.0,26.6881860172247
PK,2016,-2.29279660651385,6.57383828511043,,3.7651191635658,220138869.0,24.7015780480573
PK,2017,-4.76985760466006,4.43262590683975,,4.08537368032608,223273967.0,25.472035002344
PK,2018,-5.29556175645778,6.15170261099519,,5.07805725868917,226928892.0,27.6260570796337
PK,2019,-2.66677325730292,2.49763692943365,,10.5780305672025,230800899.0,28.9055769867032
PK,2020,-0.216650637871501,-1.27408744338709,,9.74011619320125,235001746.0,26.7162807328814
PK,2021,-3.52439577565177,6.51388575852702,,9.49641577285205,239477801.0,27.0304204125548
PK,2022,-3.25858181478804,4.7781068690358,,19.8738599646655,243700667.0,33.031353478032
PK,2023,-0.308630136387274,-0.414935997088406,,30.7681280657005,247504495.0,28.4676925469837
PK,2024,0.133557216822667,3.04898287335465,,12.6325318530452,251269164.0,27.5784683520695
QA,2010,,19.5921744776308,,-2.42525675161714,1616832.0,87.1111970364642
QA,2011,31.0675107947676,13.3752345495477,,1.13836623529202,1624761.0,98.7216351018991
QA,2012,33.1847220547568,4.73008513739958,,2.31534853431661,1722438.0,105.746286433535
QA,2013,30.4240297828632,5.55610364218512,,3.22197756829293,1916426.0,102.383154379024
QA,2014,23.9592464211398,5.33434159770252,,3.34972085659523,2151745.0,99.0343138952759
QA,2015,8.50181661296372,4.75332372902957,,1.8140772393776,2344557.0,93.7076739370818
QA,2016,-5.45006834991535,3.06410503214877,,2.6765917009819,2477113.0,89.5476231430097
QA,2017,3.98856755019176,-1.49756209084892,,0.394878914083005,2545820.0,91.4945574785855
QA,2018,9.08292624449306,1.23483197031548,,0.255815382724408,2580734.0,91.838343273294
QA,2019,2.41529489464043,0.688255893930972,,-0.666641124861147,2638657.0,90.0462934117559
QA,2020,-2.06750396645727,-3.55750284254954,,-2.5403150300476,2794148.0,90.0189857283633
QA,2021,14.6435859222744,1.62693587314129,,2.30446565742003,2504910.0,92.7790897626963
QA,2022,26.7778345000245,4.18497018544697,,4.99527553740761,2657333.0,100.213640845612
QA,2023,16.7745992063152,1.53979117720789,,3.02764899198902,2656032.0,
QA,2024,17.2860738675678,2.35970586926597,,1.26734310292375,2857822.0,
SA,2010,13.5423706949188,5.0395150823517,,5.33941733020905,23978487.0,82.5496850227537
SA,2011,23.8816335912651,11.758820686671,,5.8262163739404,25091867.0,84.3594342438995
SA,2012,22.8484723061974,5.76157382270968,,2.86627029905053,26168861.0,81.74067854616
SA,2013,18.3253067776542,2.94563789152025,,3.51104209799866,27624004.0,80.2515014286783
SA,2014,9.86478118777848,4.02467158380668,,2.24185348779063,28309273.0,78.000111117736
SA,2015,-7.93818281494483,4.65512316652699,,1.22269318552328,29816382.0,67.1052692300592
SA,2016,-3.91268584311643,1.70404739202878,,2.05347076823965,30954198.0,57.9216635110364
SA,2017,1.2254608961689,1.18210705878283,,-0.834845735027162,30977355.0,59.5319791578229
SA,2018,7.89890750977747,3.2269508901591,,2.46594308994843,30196281.0,59.1029104697141
SA,2019,3.64484004485363,1.65158925617395,,-1.19298644533328,30063799.0,56.7938204886513
SA,2020,-4.51692116727614,-3.80478901996312,,3.37234961012303,31552510.0,47.533159225048
SA,2021,4.56976271965319,6.51959698325419,,3.06328988941548,30784383.0,50.8839263398787
SA,2022,11.7294510759776,12.0005874752929,,2.47407371925372,32175224.0,56.8241647749332
SA,2023,2.12936776093395,0.542592439393161,,2.32708518362706,33702731.0,54.1690118283683
SA,2024,-1.31101792310022,1.99650173436159,,1.68792112375809,35300280.0,54.6787052668733
SG,2010,22.9333472183784,14.5197497108994,101.449782417951,2.82884527612958,5076732.0,369.685555787646
SG,2011,22.2184518342372,6.21493416858989,104.78518384861,5.25115624639373,5183688.0,379.098631377539
SG,2012,17.6432739045994,4.43549759378537,107.828093624626,4.58084479423094,5312437.0,369.212965787665
SG,2013,15.7071875902089,4.81763099120676,99.4464888561159,2.36439793742726,5399162.0,367.041780049019
SG,2014,17.9502135491877,3.93554027709007,99.6097986729595,1.03316955857629,5469724.0,360.467319166237
SG,2015,18.6930222903094,2.97679931634806,103.320839751929,-0.521975611895763,5535002.0,329.471398940262
SG,2016,18.0893657934254,3.74757848792792,108.854265917764,-0.529809760375464,5607283.0,302.839656046574
SG,2017,18.5489449671093,4.47689915845876,109.197026214998,0.576763191179996,5612253.0,316.794409287568
SG,2018,15.7118763496582,3.4519759658687,110.689756336508,0.438784215129623,5638676.0,326.59658728675
SG,2019,15.4809992253229,1.30804118153127,128.078092485423,0.567829988405447,5703569.0,324.394985115301
SG,2020,17.8019624591099,-3.81470885510713,151.706326367087,-0.172111865925382,5685807.0,332.040805481913
SG,2021,19.4520788810595,9.7568044629903,149.289112306688,2.31610315765146,5453566.0,329.161383683762
SG,2022,19.1173002567127,4.10800021897151,154.103642983248,6.13095418919732,5637022.0,332.34956775484
SG,2023,16.5778694804851,1.82140694115385,175.596688403377,4.83372362825798,5917648.0,325.69322405378
SG,2024,18.0021012297543,4.38802362461865,175.6139079334,2.38951123595017,6036860.0,322.371427934716
TH,2010,3.3673246721925,7.51339053261624,26.9008455437265,3.24758842443723,68579447.0,127.250522638251
TH,2011,2.54217096328341,0.840132083053334,28.1319763006874,3.80879058139634,69007208.0,139.675407224576
TH,2012,-1.23233637957653,7.24279620249642,28.4447160238828,3.01489950334985,69436098.0,137.67493851024
TH,2013,-2.10153458942232,2.68749556320556,38.1666950570794,2.18488618530687,69845114.0,132.462274174269
TH,2014,2.8582840987004,0.984468863619426,35.3904739452699,1.8951418189878,70216367.0,130.905495444398
TH,2015,6.91581517168622,3.13404724911635,36.6705695355179,-0.900424963291569,70540795.0,124.839662152526
TH,2016,10.5083543932086,3.43515771692182,37.3065204045664,0.188149704448143,70859841.0,120.57522728913
TH,2017,9.6310301918214,4.1776810321001,,0.665631893135106,71160187.0,120.891427433638
TH,2018,5.61986314598972,4.22287028746071,37.9104188436045,1.06389754183024,71376079.0,120.841864730984
TH,2019,7.04854832033553,2.11455779628278,38.6277055941279,0.706728601314311,71522271.0,109.689514715166
TH,2020,4.14262484721343,-6.05003846851622,50.3227814999415,-0.845937147357041,71641484.0,97.8007432465178
TH,2021,-2.14122151453674,1.55216608426647,58.5114542035114,1.23039541318384,71727332.0,117.252944620852
TH,2022,-3.42898859482136,2.58037874709827,60.349920189306,-1.61068030486688,71735329.0,132.858712082871
TH,2023,1.6435576867934,2.01775095328327,61.1243613638526,8.47805174421543,71702435.0,128.824114152375
TH,2024,2.20678307557905,2.54182067735289,62.1983655632713,1.36580540798037,71668011.0,136.747107022451
TR,2010,-5.70254261669491,8.54219848467686,45.1797411840038,8.56644420552976,73142150.0,46.9433366709891
TR,2011,-8.81351105932507,10.9799625273598,39.9693425323809,6.471879671151,74223629.0,53.651583897618
TR,2012,-4.72096418758118,4.80762696633448,37.6997174684634,8.89156996512163,75175827.0,53.3277612968607
TR,2013,-5.12686124176872,8.48825689298511,31.7836465280795,7.49309030547693,76147624.0,53.0683530043043
TR,2014,-3.40746259930754,4.60079447270559,31.1206735016751,8.85457271364316,77181884.0,54.30677404128
TR,2015,-2.46735825450658,5.80557386628684,29.145145266046,7.67085364845885,78218479.0,51.8749252596832
TR,2016,-2.54530792537505,3.32366508200445,30.075201418508,7.7751341532833,79277962.0,48.870183807987
TR,2017,-4.06783613710293,7.82585730002594,29.5734179673603,11.1443110840764,80312698.0,56.1356585158689
TR,2018,-1.85233343060557,3.46815306092219,29.3999927208091,16.3324638988929,81407204.0,62.8251323851165
TR,2019,1.9351600379275,1.30162365464503,33.4600744570718,15.1768215720022,82579440.0,62.5784589326239
TR,2020,-4.22284721473811,1.80306247087255,41.0396523893444,12.2789574462574,83384680.0,60.389853117297
TR,2021,-0.74064931592423,11.811094450607,41.6375124693568,19.5964926913324,84147318.0,69.6088976086437
TR,2022,-4.99763806227356,5.44122511322401,35.3300843740665,72.3088359891207,84979913.0,79.8982722314341
TR,2023,-3.63367003503212,5.04512369812289,33.2548360254558,53.8594087593315,85325965.0,65.6832084738667
TR,2024,-0.766008235540632,3.3276230893799,26.6192344930079,58.5064507300342,85518661.0,54.5988061195916
US,2010,-2.87064270506825,2.69519257744442,85.1548294082739,1.6400434423899,309378227.0,28.2198952346731
US,2011,-2.91862137859132,1.56440685763506,89.7347177439651,3.156841568622,311839461.0,30.8424862411943
US,2012,-2.57236812074952,2.28911338669843,93.8330014607143,2.06933726526067,314339099.0,30.6818353657295
US,2013,-2.01538414033942,2.11783009790057,95.7184835504169,1.46483265562717,316726282.0,30.0079539684645
US,2014,-2.10805505161045,2.52381981363968,95.9491132711014,1.62222297740817,319257560.0,30.0044781614855
US,2015,-2.2434721228246,2.94555045484053,96.6110565851958,0.118627135552451,321815121.0,27.8235649187872
US,2016,-2.11937229657855,1.81945147788167,98.6931939368279,1.26158320570536,324353340.0,26.6079620604584
US,2017,-1.88739358215214,2.45762229852507,97.8800564031882,2.13011000365961,326608609.0,27.3130208877206
US,2018,-2.13796218132331,2.96650506901305,99.2223695206525,2.44258329692817,328529577.0,27.6103792720958
US,2019,-2.06708055581828,2.58382533412825,100.979786328903,1.81221007526021,330226227.0,26.4537594940475
US,2020,-2.81809426941685,-2.16302914036166,126.370405951231,1.23358439630629,331577720.0,23.4015629969394
US,2021,-3.68274086718403,6.05505293244555,120.367733355153,4.69785886363742,332099760.0,25.6095576621932
US,2022,-3.87872626619871,2.51237531986017,114.694842004206,8.00279982052121,334017321.0,27.3139397355363
US,2023,-3.40030482379486,2.88755600749487,116.918808847311,4.11633838374488,336806231.0,25.2903297883366
US,2024,-4.12262463415284,2.79300127716779,117.973234857902,2.94952520485207,340110988.0,25.3786342507088
VN,2010,-2.90486815229253,6.42324482239482,,9.20746648778413,87455152.0,113.977687539714
VN,2011,0.136736251193688,6.41316889681683,,18.6777322770707,88468314.0,125.260577940829
VN,2012,4.82078231422777,5.5045447041189,,9.09470339557192,89510356.0,123.224116745985
VN,2013,3.62409015316054,5.55351081026072,,6.59267475899192,90573104.0,130.846354866743
VN,2014,4.00897026449707,6.42224312118567,,4.08455446637617,91679578.0,135.410521454361
VN,2015,-0.853052854546214,6.98715430598611,,0.631200905175754,92823254.0,144.914228195237
VN,2016,0.243099852637275,6.69000892660424,,2.66824816969082,94000117.0,145.409507973118
VN,2017,-0.586095207209378,6.94019037359206,,3.52025688811617,95176977.0,160.98008365887
VN,2018,1.90236367538642,7.46500685572751,,3.53962805942641,96237319.0,164.663936775893
VN,2019,3.91824395534242,7.35926270105006,,2.7958236745225,97173776.0,164.704215031408
VN,2020,4.34486906553373,2.86541320912272,,3.22093436652514,98079191.0,163.245862814935
VN,2021,-1.26284279203588,2.55372852648131,,1.83471554810444,98935098.0,186.675832836814
VN,2022,0.339101746979362,8.53750046755788,,3.15650749963129,99680655.0,183.153619147836
VN,2023,5.94503707253957,5.06502391455075,,3.25289282667662,100352192.0,164.818071269894
VN,2024,6.33411954374758,7.09118746633975,,3.62109273885843,100987686.0,173.862024782965
ZA,2010,-1.29901805615596,3.03973288127956,,4.06749555950263,52344051.0,50.4060871625999
ZA,2011,-2.01967628513274,3.16855627858818,,5.0008533879502,52995205.0,54.6363504358971
ZA,2012,-4.68373643403846,2.39623238465745,,5.73797139141739,53782567.0,55.5826171933345
ZA,2013,-5.33837274756909,2.48546800826588,,5.78016910069176,54678791.0,58.875027630051
ZA,2014,-4.81243259488481,1.41382645223793,,6.13282953059149,55594838.0,59.4995740550593
ZA,2015,-4.31028688643788,1.32186223678229,52.6511572360833,4.51869094892506,56723537.0,56.7266761447156
ZA,2016,-2.63361451678797,0.664552307858116,53.7387913884354,6.60290842394872,57259551.0,55.8612575048782
ZA,2017,-2.37436753188649,1.15794695181735,56.2597208390879,5.18618655524149,57635162.0,53.5359318293741
ZA,2018,-3.00051939426576,1.55678384721676,59.1023114070608,4.50987264867388,58613001.0,54.4855451276341
ZA,2019,-2.61999067483039,0.25993557687633,64.5892781351104,4.10285075461156,59587885.0,53.8979964081406
ZA,2020,2.00352275153333,-6.1689177146757,75.7255090793216,3.23238831615113,60562381.0,50.7596590804177
ZA,2021,3.77241369345008,4.85864865060148,74.0826080051444,4.61874544887136,61502603.0,56.1647136277546
ZA,2022,-0.29618259812743,2.05813661692193,76.205442941881,7.03987272546482,62378410.0,64.94713440234
ZA,2023,-1.10356312207881,0.80610455095804,79.4469077095183,6.0752438457966,63212384.0,65.6798759740707
ZA,2024,-0.642799797075048,0.534843531905139,,4.36115246518962,64007187.0,61.646770473025
